name: sovits
channels:
  - conda-forge
  - defaults
dependencies:
  - aom=3.8.1=h63175ca_0
  - bzip2=1.0.8=hcfcfb64_5
  - cairo=1.18.0=h1fef639_0
  - dav1d=1.2.1=hcfcfb64_0
  - expat=2.6.1=h63175ca_0
  - ffmpeg=6.1.1=gpl_hb766fab_104
  - font-ttf-dejavu-sans-mono=2.37=hab24e00_0
  - font-ttf-inconsolata=3.000=h77eed37_0
  - font-ttf-source-code-pro=2.038=h77eed37_0
  - font-ttf-ubuntu=0.83=h77eed37_1
  - fontconfig=2.14.2=hbde0cde_0
  - fonts-conda-ecosystem=1=0
  - fonts-conda-forge=1=0
  - freetype=2.12.1=hdaf720e_2
  - gettext=0.21.1=h5728263_0
  - graphite2=1.3.13=1000
  - harfbuzz=8.3.0=h7ab893a_0
  - icu=73.2=h63175ca_0
  - lame=3.100=hcfcfb64_1003
  - libexpat=2.6.1=h63175ca_0
  - libffi=3.4.2=h8ffe710_5
  - libflac=1.4.3=h63175ca_0
  - libglib=2.78.4=h39d0aa6_4
  - libiconv=1.17=hcfcfb64_2
  - libogg=1.3.4=h8ffe710_1
  - libopus=1.3.1=h8ffe710_1
  - libpng=1.6.43=h19919ed_0
  - libsndfile=1.2.2=h81429f1_1
  - libvorbis=1.3.7=h0e60522_0
  - libxml2=2.12.5=hc3477c8_0
  - libzlib=1.2.13=hcfcfb64_5
  - mpg123=1.32.4=h63175ca_0
  - openh264=2.4.1=h63175ca_0
  - pcre2=10.43=h17e33f8_0
  - pixman=0.43.4=h63175ca_0
  - svt-av1=1.8.0=h63175ca_0
  - ucrt=10.0.22621.0=h57928b3_0
  - vc=14.3=hcf57466_18
  - vc14_runtime=14.38.33130=h82b7239_18
  - vs2015_runtime=14.38.33130=hcb4865c_18
  - x264=1!164.3095=h8ffe710_2
  - x265=3.5=h2d74725_3
  - xz=5.2.6=h8d14728_0
  - zlib=1.2.13=hcfcfb64_5
prefix: D:\Anaconda3\envs\sovits
